10
5
9 -1 -8 4 -1
5
4 -10 -4 9 7
10
-20 2 -19 -4 -18 19 -19 -20 -12 11
10
-8 -6 19 17 -15 -18 -1 -19 7 -7
20
-4 -32 40 -23 0 24 -15 -11 -32 29 -13 18 4 2 5 23 -38 9 -35 26
30
-42 -46 8 -21 -46 28 7 46 0 -33 8 -12 7 0 1 26 -46 22 1 11 -24 53 22 11 57 -40 0 -26 20 -2
40
17 34 -13 55 45 -58 40 -46 27 71 2 -25 -40 -14 71 -2 -13 -74 -8 3 -14 61 -70 -26 -29 16 3 -67 -63 2 28 -54 -76 -78 77 -37 -64 65 -14 33
50
3 29 -40 16 -20 18 -22 -62 -18 -93 -75 22 24 -99 -73 33 -25 4 8 56 -42 87 -22 -47 86 87 12 -48 72 -23 88 -79 94 -25 67 60 3 -96 51 -13 -40 -54 -13 75 30 64 -78 -68 39 -9
100
-49 -116 -3 64 197 -19 -153 186 115 53 129 -176 185 -37 -100 37 -33 -145 133 27 195 134 47 15 -114 -174 63 169 74 -148 -167 56 -169 99 -75 180 -70 59 172 142 -50 -32 -147 200 -144 51 -86 -22 -54 171 -100 -107 -50 -68 186 42 44 193 -72 -166 -172 71 -156 -73 71 184 10 5 -41 -30 192 100 -75 -138 -41 69 174 101 186 -137 65 44 185 -176 -66 34 -91 112 126 27 119 -25 -75 39 -1 171 88 29 69 153
100
-96 -71 -179 61 12 -94 195 161 -10 -150 -19 -33 83 95 176 -15 -81 -107 119 181 128 54 29 -140 145 -114 -114 -54 -13 -181 -78 -145 96 -150 -64 55 50 -30 -21 24 1 163 -47 -199 -128 70 -195 106 97 36 -123 23 35 22 -63 -20 -74 -119 -100 69 -23 -196 -198 -183 102 -147 -8 63 -108 115 154 -11 -145 -125 -119 57 -103 166 138 -38 -2 98 135 159 -37 -82 47 32 -166 8 -16 -82 26 -199 -81 -12 154 -101 122 -176
